012000	8.629032
012001	7.2838717
012002	7.341935
012003	7.358064
012004	7.838711
012005	8.0161295
012006	6.716129
012007	9.738709
012008	8.53871
012009	4.32
012010	5.4814816
012011	4.714286
012012	7.3333335
012013	6.275862
022000	12.344444
022001	12.164286
022002	11.839286
022003	9.278571
022004	10.410343
022005	9.146428
022006	8.903571
022007	11.8785715
022008	11.596552
022009	9.37037
022010	7.851852
022011	9.785714
022012	7.230769
022013	7.2
032000	17.374193
032001	15.477422
032002	18.13871
032003	17.33226
032004	13.670968
032005	15.36129
032006	13.96129
032007	16.551613
032008	16.512903
032009	14.566667
032010	13.133333
032011	13.741936
032012	18.548388
032013	10.741936
042000	19.24
042001	18.456667
042002	19.106667
042003	18.506666
042004	19.093332
042005	17.586666
042006	19.796667
042007	23.846666
042008	18.31667
042009	19.266666
042010	19.233334
042011	22.366667
042012	16.733334
042013	17.633333
052000	26.374195
052001	25.206448
052002	22.979998
052003	27.561289
052004	23.561293
052005	25.541933
052006	23.996775
052007	25.16774
052008	23.751614
052009	26.64516
052010	21.935484
052011	25.64516
052012	23.096775
052013	21.064516
062000	29.97
062001	28.779999
062002	29.188463
062003	33.04334
062004	30.303333
062005	30.039995
062006	29.269997
062007	27.79
062008	27.033333
062009	29.533333
062010	27.0
062011	26.1
062012	28.233334
062013	27.344828
072000	30.090324
072001	31.190323
072002	30.106451
072003	32.03548
072004	31.270964
072005	31.251612
072006	32.712906
072007	31.912905
072008	29.516129
072009	30.903225
072010	31.096775
072011	28.096775
072012	30.516129
072013	30.741936
082000	30.554836
082001	32.383873
082002	28.690321
082003	35.287094
082004	30.783869
082005	28.66774
082006	27.416132
082007	28.593336
082008	29.709677
082009	31.67742
082010	27.935484
082011	31.096775
082012	31.806452
082013	29.225807
092000	27.00333
092001	23.736666
092002	24.383333
092003	26.433332
092004	26.513334
092005	26.06667
092006	26.586666
092007	24.636665
092008	23.933332
092009	27.066668
092010	23.533333
092011	27.37931
092012	24.5
092013	24.965517
102000	18.903227
102001	21.474194
102002	19.445166
102003	17.67742
102004	19.3
102005	19.164515
102006	20.658068
102007	19.864515
102008	20.225807
102009	19.533333
102010	16.1
102011	19.32258
102012	18.516129
102013	17.709677
112000	12.153334
112001	11.6
112002	13.13
112003	12.453569
112004	13.700001
112005	14.408333
112006	14.376666
112007	13.076666
112008	12.833333
112009	11.833333
112010	10.8
112011	11.166667
112012	13.066667
112013	12.2
122000	9.058065
122001	6.9354844
122002	7.5193543
122003	9.490323
122004	9.148386
122005	6.216129
122006	9.329032
122007	7.845161
122008	6.37931
122009	6.0
122010	4.25
122011	8.714286
122012	6.4166665
122013	8.379311
